0 0.00000
10 0.92260
20 1.77427
30 2.56047
40 3.28621
50 3.95616
60 4.57460
70 5.14549
80 5.67249
90 6.15897
100 6.60805
110 7.02261
120 7.40529
130 7.75854
140 8.08464
150 8.38567
160 8.66355
170 8.92007
180 9.15687
190 9.37546
200 9.57724
210 9.76351
220 9.93546
230 10.09419
240 10.24072
250 10.37598
260 10.50084
270 10.61610
280 10.72250
290 10.82072
300 10.91138
310 10.99508
320 11.07234
330 11.14366
340 11.20950
350 11.27028
360 11.32638
370 11.37817
380 11.42598
390 11.47011
400 11.51085
410 11.54846
420 11.58318
430 11.61522
440 11.64481
450 11.67212
460 11.69732
470 11.72060
480 11.74208
490 11.76191
500 11.78021
510 11.79711
520 11.81271
530 11.82711
540 11.84040
550 11.85267
560 11.86400
570 11.87446
580 11.88411
590 11.89302
600 11.90124
610 11.90884
620 11.91584
630 11.92232
640 11.92829
650 11.93380
660 11.93889
670 11.94359
680 11.94793
690 11.95193
700 11.95563
710 11.95904
720 11.96219
730 11.96509
740 11.96778
750 11.97025
760 11.97254
770 11.97465
780 11.97660
790 11.97840
800 11.98006
810 11.98159
820 11.98301
830 11.98432
840 11.98552
850 11.98663
860 11.98766
870 11.98861
880 11.98949
890 11.99029
900 11.99104
910 11.99173
920 11.99237
930 11.99295
940 11.99349
950 11.99399
960 11.99446
970 11.99488
980 11.99528
990 11.99564
1000 11.99597